1 250 250 827.438 0.361495
1 250 500 720.13 0.719242
1 250 750 674.706 1.07879
1 250 1000 637.997 1.46573
1 250 2500 544.291 3.59744
1 500 250 816.764 0.72085
1 500 500 719.502 1.44371
1 500 750 652.495 2.15199
1 500 1000 624.151 2.87117
1 500 2500 538.559 7.19884
1 750 250 807.008 1.09096
1 750 500 709.984 2.17682
1 750 750 650.727 3.25131
1 750 1000 620.17 4.35223
1 750 2500 531.121 10.8615
1 1000 250 820.213 1.4604
1 1000 500 702.73 2.878
1 1000 750 654.123 4.32917
1 1000 1000 611.76 5.82096
1 1000 2500 532.091 14.488
1 2500 250 792.798 3.65631
1 2500 500 688.397 7.22212
1 2500 750 639.693 10.838
1 2500 1000 604.685 14.3889
1 2500 2500 525.611 36.0427
2 250 250 822.104 0.218311
2 250 500 730.38 0.431528
2 250 750 664.969 0.644982
2 250 1000 639.902 0.871974
2 250 2500 539.246 2.1477
2 500 250 801.242 0.43148
2 500 500 705.915 0.85936
2 500 750 658.092 1.29179
2 500 1000 621.955 1.72372
2 500 2500 539.743 4.34201
2 750 250 810.586 0.646576
2 750 500 706.628 1.3128
2 750 750 657.208 1.93313
2 750 1000 619.996 2.57473
2 750 2500 535.231 6.44067
2 1000 250 804.562 0.873333
2 1000 500 708.408 1.71861
2 1000 750 651.98 2.57326
2 1000 1000 616.708 3.43843
2 1000 2500 535.183 8.56452
2 2500 250 796.858 2.16732
2 2500 500 690.12 4.29007
2 2500 750 642.568 6.44496
2 2500 1000 607.568 8.59759
2 2500 2500 530.339 21.4338
3 250 250 835.086 0.259373
3 250 500 732.226 0.51154
3 250 750 668.092 0.775003
3 250 1000 630.93 1.02863
3 250 2500 541.696 2.52894
3 500 250 812.844 0.50659
3 500 500 712.998 1.07854
3 500 750 656.938 1.64115
3 500 1000 625.401 2.08555
3 500 2500 537.596 5.09008
3 750 250 810.029 0.777261
3 750 500 714.093 1.54861
3 750 750 654.194 2.31814
3 750 1000 624.752 3.00165
3 750 2500 531.945 7.44862
3 1000 250 810.786 1.00065
3 1000 500 700.256 1.98529
3 1000 750 654.518 3.00601
3 1000 1000 614.272 3.96471
3 1000 2500 532.003 9.97421
3 2500 250 800.417 2.47734
3 2500 500 694.025 4.9173
3 2500 750 636.996 7.36263
3 2500 1000 603.336 9.81587
3 2500 2500 523.208 24.4969
4 250 250 821.768 0.215281
4 250 500 721.767 0.41989
4 250 750 669.719 0.617812
4 250 1000 627.61 0.829258
4 250 2500 540.585 2.08995
4 500 250 824.329 0.422955
4 500 500 719.388 0.823925
4 500 750 662.602 1.25514
4 500 1000 621.392 1.65833
4 500 2500 531.639 4.09276
4 750 250 805.924 0.625853
4 750 500 713.335 1.25062
4 750 750 653.757 1.84083
4 750 1000 619.023 2.44407
4 750 2500 541.5 6.11807
4 1000 250 801.562 0.825356
4 1000 500 702.2 1.64464
4 1000 750 656.016 2.45175
4 1000 1000 616.182 3.26276
4 1000 2500 532.376 8.13402
4 2500 250 785.143 2.02419
4 2500 500 696.124 4.0481
4 2500 750 644.755 6.04551
4 2500 1000 603.8 8.04933
4 2500 2500 522.684 20.1145
6 250 250 824.55 0.237765
6 250 500 718.103 0.474432
6 250 750 664.771 0.709838
6 250 1000 634.346 0.956233
6 250 2500 546.517 2.36288
6 500 250 815.66 0.530826
6 500 500 707.432 1.13371
6 500 750 664.103 1.39574
6 500 1000 625.351 1.8628
6 500 2500 538.68 4.66403
6 750 250 810.154 0.694543
6 750 500 707.257 1.37014
6 750 750 658.735 2.08058
6 750 1000 623.45 2.75418
6 750 2500 542.36 6.89781
6 1000 250 806.203 0.922331
6 1000 500 700.514 1.82669
6 1000 750 655.359 2.72748
6 1000 1000 612.56 3.64104
6 1000 2500 532.369 9.06654
6 2500 250 790.49 2.20653
6 2500 500 701.689 4.37724
6 2500 750 641.463 6.54024
6 2500 1000 604.759 8.73702
6 2500 2500 527.641 21.7913
8 250 250 835.747 0.24551
8 250 500 715.264 0.502437
8 250 750 659.018 0.740787
8 250 1000 636.584 0.992196
8 250 2500 547.651 2.48033
8 500 250 825.988 0.47149
8 500 500 718.205 0.939287
8 500 750 657.22 1.41526
8 500 1000 623.382 1.88124
8 500 2500 534.009 4.71189
8 750 250 811.681 0.698953
8 750 500 702.123 1.38988
8 750 750 655.691 2.07221
8 750 1000 617.378 2.74845
8 750 2500 530.746 6.93444
8 1000 250 813.033 0.912868
8 1000 500 699.548 1.82689
8 1000 750 650.805 2.73849
8 1000 1000 622.138 3.65891
8 1000 2500 535.166 9.10528
8 2500 250 792.456 2.13296
8 2500 500 695.995 4.25804
8 2500 750 646.263 6.35655
8 2500 1000 614.248 8.46301
8 2500 2500 523.193 21.1596
16 250 250 835.137 0.254274
16 250 500 724.284 0.51012
16 250 750 661.801 0.761082
16 250 1000 633.094 1.01296
16 250 2500 546.233 2.65878
16 500 250 826.16 0.551439
16 500 500 697.783 1.08415
16 500 750 655.222 1.45153
16 500 1000 627.181 1.92314
16 500 2500 543.363 4.80952
16 750 250 809.181 0.716967
16 750 500 704.054 1.43976
16 750 750 657.564 2.15213
16 750 1000 612.127 2.84679
16 750 2500 538.709 7.15397
16 1000 250 812.917 0.935399
16 1000 500 705.443 1.87229
16 1000 750 651.214 2.8021
16 1000 1000 617.003 3.70478
16 1000 2500 526.41 9.33368
16 2500 250 782.953 2.18677
16 2500 500 695.968 4.36049
16 2500 750 647.244 6.47493
16 2500 1000 612.269 8.63176
16 2500 2500 517.795 21.5835
32 250 250 809.397 0.271717
32 250 500 723.535 0.545779
32 250 750 670.09 0.831495
32 250 1000 633.042 1.09422
32 250 2500 543.08 2.72136
32 500 250 815.293 0.517177
32 500 500 706.056 1.02467
32 500 750 662.529 1.55054
32 500 1000 619.09 2.05616
32 500 2500 536.376 5.13338
32 750 250 806.096 0.766193
32 750 500 709.183 1.55373
32 750 750 653.706 2.31742
32 750 1000 612.872 3.05974
32 750 2500 520.78 7.681
32 1000 250 808.131 1.02911
32 1000 500 697.235 2.03301
32 1000 750 647.494 3.04301
32 1000 1000 609.769 4.03448
32 1000 2500 536.044 10.1147
32 2500 250 788.418 2.27235
32 2500 500 684.087 4.53445
32 2500 750 642.363 6.80675
32 2500 1000 611.491 9.05656
32 2500 2500 519.665 22.9256
64 250 250 832.007 0.309758
64 250 500 712.574 0.609331
64 250 750 666.071 0.912708
64 250 1000 634.403 1.2118
64 250 2500 544.859 3.03623
64 500 250 819.33 0.533807
64 500 500 710.97 1.06782
64 500 750 664.88 1.59712
64 500 1000 627.451 2.11393
64 500 2500 539.98 5.31664
64 750 250 808.144 0.780853
64 750 500 708.051 1.55847
64 750 750 655.739 2.35057
64 750 1000 625.243 3.10677
64 750 2500 532.428 7.77246
64 1000 250 809.866 1.05671
64 1000 500 704.233 2.06425
64 1000 750 654.322 3.12248
64 1000 1000 615.511 4.15844
64 1000 2500 530.334 10.422
64 2500 250 790.238 2.425
64 2500 500 695.721 4.81086
64 2500 750 630.748 7.24231
64 2500 1000 602.039 9.64415
64 2500 2500 521.813 23.9955


1 250 250 818.194 0.359018
2 250 250 826.954 0.21485
3 250 250 822.341 0.25503
4 250 250 835.738 0.207794
6 250 250 837.735 0.241521
8 250 250 831.888 0.247596
16 250 250 832.055 0.253676
32 250 250 825.278 0.27675
64 250 250 833.19 0.306297
1 250 500 720.369 0.719803
2 250 500 717.751 0.429932
3 250 500 730.224 0.514763
4 250 500 722.217 0.414799
6 250 500 724.376 0.476687
8 250 500 726.167 0.495639
16 250 500 717.861 0.515082
32 250 500 717.953 0.561179
64 250 500 728.096 0.625177
1 250 750 662.876 1.08194
2 250 750 662.293 0.672258
3 250 750 664.512 0.773224
4 250 750 661.295 0.635441
6 250 750 672.046 0.736717
8 250 750 662.489 0.770343
16 250 750 662.528 0.875926
32 250 750 656.991 0.980977
64 250 750 663.826 1.0811
1 250 1000 628.448 1.44433
2 250 1000 635.779 0.883313
3 250 1000 623.14 1.00848
4 250 1000 634.638 0.864354
6 250 1000 632.241 0.969977
8 250 1000 634.462 1.02695
16 250 1000 632.52 1.17065
32 250 1000 644.25 1.30285
64 250 1000 634.505 1.44451
1 250 2500 550.174 3.61086
2 250 2500 549.037 2.13406
3 250 2500 547.411 2.56517
4 250 2500 544.693 2.14152
6 250 2500 546.67 2.4357
8 250 2500 544.941 2.55534
16 250 2500 550.93 2.9187
32 250 2500 540.963 3.24928
64 250 2500 548.121 3.58869
1 500 250 819.617 0.718377
2 500 250 812.062 0.449698
3 500 250 808.025 0.511294
4 500 250 814.557 0.435141
6 500 250 823.938 0.484965
8 500 250 818.29 0.489434
16 500 250 827.163 0.551564
32 500 250 816.574 0.588291
64 500 250 824.927 0.634845
1 500 500 711.482 1.43983
2 500 500 721.992 0.854958
3 500 500 709.132 1.06355
4 500 500 716.125 0.940427
6 500 500 716.144 1.04948
8 500 500 718.316 0.974647
16 500 500 715.517 1.08593
32 500 500 710.732 1.16825
64 500 500 714.363 1.26237
1 500 750 661.334 2.15198
2 500 750 664.517 1.38024
3 500 750 660.351 1.52042
4 500 750 657.453 1.28347
6 500 750 668.283 1.43824
8 500 750 657.188 1.45556
16 500 750 649.974 1.63225
32 500 750 655.326 1.74815
64 500 750 655.178 1.89008
1 500 1000 628.945 2.88763
2 500 1000 628.275 1.70129
3 500 1000 626.036 2.00441
4 500 1000 620.898 1.70901
6 500 1000 621.671 1.92293
8 500 1000 618.39 1.93534
16 500 1000 614.093 2.17226
32 500 1000 626.632 2.33124
64 500 1000 621.73 2.52668
1 500 2500 543.054 7.1684
2 500 2500 542.318 4.29162
3 500 2500 541.607 5.02162
4 500 2500 536.113 4.32392
6 500 2500 537.246 4.80244
8 500 2500 540.366 4.82662
16 500 2500 539.304 5.42181
32 500 2500 540.724 5.81617
64 500 2500 535.333 6.28809
1 750 250 807.098 1.07748
2 750 250 822.663 0.646325
3 750 250 814.101 0.753612
4 750 250 813.725 0.630205
6 750 250 807.702 0.717982
8 750 250 808.262 0.720271
16 750 250 805.606 0.802997
32 750 250 804.823 0.852952
64 750 250 811.249 0.911369
1 750 500 704.135 2.16151
2 750 500 704.196 1.27866
3 750 500 703.806 1.49708
4 750 500 715.715 1.28961
6 750 500 706.336 1.42497
8 750 500 706.474 1.4228
16 750 500 708.825 1.60484
32 750 500 710.921 1.71771
64 750 500 699.991 1.8108
1 750 750 655.313 3.22003
2 750 750 647.813 1.93604
3 750 750 651.232 2.26618
4 750 750 650.37 1.93592
6 750 750 648.258 2.14107
8 750 750 661.265 2.1267
16 750 750 645.155 2.40635
32 750 750 649.805 2.56749
64 750 750 647.477 2.71428
1 750 1000 622.342 4.28639
2 750 1000 624.359 2.62155
3 750 1000 615.214 3.04982
4 750 1000 621.111 2.54692
6 750 1000 619.539 2.84014
8 750 1000 619.947 2.84167
16 750 1000 617.622 3.19311
32 750 1000 622.193 3.42929
64 750 1000 620.496 3.60975
1 750 2500 541.551 10.7305
2 750 2500 534.03 6.47241
3 750 2500 534.652 7.70051
4 750 2500 536.269 6.37673
6 750 2500 537.925 7.10758
8 750 2500 537.571 7.08704
16 750 2500 533.754 7.9806
32 750 2500 532.422 8.53042
64 750 2500 530.39 9.03866
1 1000 250 799.831 1.45007
2 1000 250 811.317 0.863998
3 1000 250 812.886 1.01573
4 1000 250 800.452 0.849037
6 1000 250 809.03 0.953101
8 1000 250 805.832 0.944965
16 1000 250 807.127 1.05863
32 1000 250 800.163 1.11995
64 1000 250 806.098 1.1721
1 1000 500 704.205 2.87005
2 1000 500 707.265 1.70433
3 1000 500 693.401 2.0384
4 1000 500 711.015 1.69563
6 1000 500 702.123 1.88951
8 1000 500 709.014 1.87911
16 1000 500 698.845 2.10901
32 1000 500 711.936 2.20857
64 1000 500 708.349 2.32572
1 1000 750 648.772 4.32594
2 1000 750 652.834 2.54608
3 1000 750 654.208 3.00308
4 1000 750 654.047 2.5651
6 1000 750 652.521 2.82542
8 1000 750 652.92 2.80727
16 1000 750 654.024 3.14647
32 1000 750 651.008 3.32183
64 1000 750 653.484 3.49822
1 1000 1000 619.177 5.73221
2 1000 1000 614.395 3.41403
3 1000 1000 620.462 3.99753
4 1000 1000 618.299 3.39603
6 1000 1000 619.017 3.76111
8 1000 1000 610.018 3.73611
16 1000 1000 626.758 4.20342
32 1000 1000 619.412 4.43401
64 1000 1000 616.386 4.68452
1 1000 2500 528.552 14.3359
2 1000 2500 530.909 8.58639
3 1000 2500 538.24 10.1439
4 1000 2500 525.981 9.31043
6 1000 2500 530.385 9.39491
8 1000 2500 532.325 9.32371
16 1000 2500 529.306 10.4666
32 1000 2500 533.557 11.0171
64 1000 2500 533.51 11.651
1 2500 250 791.146 3.58522
2 2500 250 793.539 2.20003
3 2500 250 793.448 2.48342
4 2500 250 796.287 2.12339
6 2500 250 783.562 2.3076
8 2500 250 798.85 2.29503
16 2500 250 795.157 2.42277
32 2500 250 781.234 2.49603
64 2500 250 797.2 2.51118
1 2500 500 688.107 7.1876
2 2500 500 692.238 4.25456
3 2500 500 694.565 4.9407
4 2500 500 693.252 4.24132
6 2500 500 691.392 4.58952
8 2500 500 686.529 4.57516
16 2500 500 696.601 4.81442
32 2500 500 692.939 4.95228
64 2500 500 699.996 5.00583
1 2500 750 643.704 10.7074
2 2500 750 642.426 6.38488
3 2500 750 638.105 7.39764
4 2500 750 637.129 6.33841
6 2500 750 643.259 6.87879
8 2500 750 645.901 6.83356
16 2500 750 638.952 7.23111
32 2500 750 641.072 7.67448
64 2500 750 642.97 7.47524
1 2500 1000 610.969 14.316
2 2500 1000 602.956 8.58881
3 2500 1000 605.422 9.89802
4 2500 1000 604.899 8.38142
6 2500 1000 613.052 9.15201
8 2500 1000 606.806 9.1072
16 2500 1000 606.179 9.5632
32 2500 1000 609.072 9.84514
64 2500 1000 609.013 10.4464
1 2500 2500 520.962 36.1429
2 2500 2500 524.641 21.3234
3 2500 2500 524.221 24.8741
4 2500 2500 527.163 21.0753
6 2500 2500 524.387 22.8076
8 2500 2500 526.355 22.6659
16 2500 2500 521.57 23.832
32 2500 2500 522.277 24.5215
64 2500 2500 520.354 25.129
